1	384
1	342
1	304
1	291
1	281
1	278
1	235
1	231
1	218
1	210
1	192
1	186
1	185
1	182
1	178
1	177
1	176
1	174
1	172
1	170
1	168
1	165
1	160
1	159
1	158
1	157
1	155
1	152
1	151
1	150
1	148
1	143
1	140
1	139
1	137
1	133
1	132
1	131
1	130
1	127
1	126
1	125
1	122
1	121
1	117
1	115
1	99
2	120
2	138
2	203
2	108
2	187
2	116
2	144
2	142
2	205
2	112
3	109
3	104
3	124
3	123
3	102
3	119
3	118
3	86
3	114
3	113
3	129
3	180
4	111
4	94
4	110
4	106
4	101
5	103
5	97
5	105
5	98
5	84
6	107
6	95
6	100
6	96
7	91
7	89
8	87
8	79
8	92
9	88
9	93
10	90
10	85
11	83
11	77
11	82
11	74
13	81
14	80
14	75
15	78
16	69
18	72
18	76
18	73
22	70
22	68
23	71
23	65
27	66
29	67
32	63
34	64
37	62
40	60
42	61
42	59
46	57
48	56
50	58
60	53
61	54
66	48
68	55
73	51
73	52
76	49
79	50
79	47
99	45
101	46
111	44
111	43
120	42
127	41
138	38
145	40
156	39
164	36
170	37
207	35
216	34
230	33
246	32
252	29
265	31
277	30
322	27
323	28
338	26
393	24
395	25
416	23
473	22
539	20
551	21
578	19
636	18
691	17
759	16
833	15
931	14
1030	13
1123	12
1295	11
1373	10
1634	9
1816	8
2119	7
2401	6
2928	5
3520	4
4650	3
6394	2
10532	1
