0	1.6057542768273716
1	0.29158754272692744
2	0.5536440412887081
3	0.8436559139784946
4	1.106818181818182
5	1.4245218579234973
6	1.6438983756768013
7	1.9495044832468145
8	2.3116740088105727
9	2.710526315789474
10	2.979606700655499
11	3.2247104247104246
12	4.003561887800534
13	3.950485436893204
14	4.569280343716434
15	5.266506602641057
16	4.458498023715415
17	5.144717800289436
18	5.111635220125786
19	6.302768166089965
20	6.495361781076067
21	7.294010889292196
22	8.266384778012686
23	7.516826923076923
24	7.9440203562340965
25	8.040506329113924
26	8.378698224852071
27	8.822981366459627
28	9.408668730650154
29	10.452380952380953
30	12.256317689530686
31	12.935849056603773
32	9.959349593495935
33	10.68695652173913
34	10.347222222222221
35	11.652173913043478
36	11.03048780487805
37	9.494117647058824
38	12.528985507246377
39	12.461538461538462
40	12.220689655172414
41	14.937007874015748
42	14.525
43	17.35135135135135
44	17.324324324324323
45	15.909090909090908
46	13.128712871287128
47	16.151898734177216
48	17.40909090909091
49	15.921052631578947
50	16.151898734177216
51	18.945205479452056
52	16.26027397260274
53	19.083333333333332
54	16.9672131147541
55	19.029411764705884
56	20.854166666666668
57	19.369565217391305
58	19.08
59	20.523809523809526
60	18.125
61	16.571428571428573
62	20.243243243243242
63	18.96875
64	23.029411764705884
65	21.869565217391305
66	21.185185185185187
67	14.172413793103448
68	20.454545454545453
69	21.625
70	21.363636363636363
71	24.130434782608695
72	23.11111111111111
73	25.333333333333332
74	28.363636363636363
75	25.642857142857142
76	22.61111111111111
77	25.0
78	15.866666666666667
79	20.875
80	29.857142857142858
81	23.846153846153847
82	15.909090909090908
83	12.727272727272727
84	23.4
85	30.5
86	20.333333333333332
87	26.0
88	32.77777777777778
89	26.714285714285715
90	24.3
91	23.0
92	27.375
93	11.555555555555555
94	32.25
95	54.0
96	29.833333333333332
97	18.0
98	19.6
99	5.0
100	25.0
101	17.75
102	34.666666666666664
103	57.4
104	19.0
105	31.8
106	15.75
107	18.5
108	16.0
109	3.0
110	17.0
111	30.75
112	41.5
113	56.333333333333336
114	22.333333333333332
115	22.0
116	2.5
117	14.0
118	14.666666666666666
119	20.666666666666668
120	53.5
121	41.0
122	38.0
123	4.666666666666667
124	6.333333333333333
125	32.0
126	21.0
127	19.0
129	9.333333333333334
130	33.0
131	39.0
132	28.0
133	54.0
137	0.0
138	94.0
139	5.0
140	48.0
142	4.0
143	14.0
144	36.0
148	6.0
150	5.0
151	0.0
152	11.0
155	0.0
157	0.0
158	0.0
159	11.0
160	8.0
165	118.0
168	127.0
170	48.0
172	29.0
174	0.0
176	23.0
177	36.0
178	34.0
180	16.0
182	0.0
185	6.0
186	18.0
187	10.0
192	0.0
203	4.0
205	52.5
210	0.0
218	0.0
231	0.0
235	1.0
278	6.0
281	12.0
291	25.0
304	2.0
342	1.0
384	6.0
